01110 ordo
001. 10111110. ‚
cmm 110 1010001101ιο
011111 190 1010007140·
cxxxv 9 10100110.
011111 4 1111004410.
111110 9 1010101ῐο110.
01111101 44 1141101004Ιί00.
011111 199 10 Marcellinum.
ur. 190 10110οο10100 0110011010.
0111 459 00001110101100000140101.
01111 947 10 001000000491104010.
011111 7 10140οθ19000.
011111 199 10 Cirtenses.
01111 144 101000004οι0.
01111 noent 101100 1010. 10 9011ςὶ010.
01110 119 1000011010.
0111110 441 Ad fortunatianum.
01111 449 1001011000.
01. 479 10 probam 01 4114100001.
011 9449 memilianum.
0111 99 4100000014.
0101 444 101100000400.
cuv 444 1110000011.
011 449 10110000οο1100.
0111 99 0011115110Μο .
0110 99 1001900051οω
011111 949 91000.
0111 100 1001004010.
011 949 4110014.
0111 947 1110011.
01111 104 1011100100.
011111 99 4110014.
01111 99 10 evodium.
axv 97 1110100004401004.
01111 99 10111οω01000.
01110 99 10 Hieronymum.
0111111 000111 101100 tom. 1100111 04 1100111.
01111 109 1011100100.
0111 96 10 0010000004011111.
01111 990 1010031000001100010.
011111 90 Hieronymi.
0111111 914 10000110001019 .
011111 000111 in 4100 100. 10 1111010111.
01111 90 0000. 0111110010οοωο
99 0011011901001011000111.
0111111 944 101. 11. 103.,040.,10101100.
01111111 94 1010111100 0011001010.
01111 949 10101000οε0οψ0.
01111 990 1000000001.
0111111 94 00000004100000. cmm.
0111111 99 100000004100000114101.
01111111 99 1000000101. 14 .1017.,040.
0111111 97 00000001101010.011 .
0111111 lm. Deest Abin agiuti 00 00.

1 0.
011111 440 10 0001110100 00011100.
01111111 100 14 ,0111101001011000
01111110 97 1 0010111110.
0111110 149 10 sullanam.
0111111 909 10 000110000001100.
010. 1447 adoptatum.
0101 194 1051110111.
0100 99 1000401110οω 0410000111.
010111 00110 1101. 00101.1011010010100.
01011 1 10041100.
0101 94 1110100 1.
01011 900 1011011000.
010111 79 10110 011100.
0111111 79 11011011 1.
01011 90 10 1101109100.
cc Deerat 10 1100 100. 10 valerium comitem.
0014400114 1090040111. 11001111041110090011.

cmv!

Petr. 04

1414. 0011

ξὲἕὲἕεὲἕςὲξέξὲἓξ 3

114999 1491191.

ω. ocu 91 11401011101110011110.

4199
w

000911000014001401100. 001001111000011001100999

mo 000 99 10 1111100.

1110 0011 91 10 0111011400.

Mi 001 440 10 consentium.

4414 000 910 10 valerium comitem.
5111 00111 000111 10 4100 100. 10 claudium.
εἰς 00110 999 1090440100.

11711 0011 991 1000100110οω 1111100.
1011 001 97 10101101οῑ00 01 11111110.
177 0011 199 10500011100010110.
m 00111 109 10 Quintilianum.

ως 0010 11010010001111011
{m 00111 49 10 valentinum.

m 0011 47 1011400ῑί0110.
zm 00111 999 11100101.

tw. 00110 497 1011111100.

(m 001101 9091010111ιί0ωο

(m 00111 000111 10 4100 100. 101. Aug„ 010.,0111>10011·

ας 100 0101110000.

ew 0011 79 10 0011190100 0001100.
m 00111 000101 101100 1010. 0000011001.

m 0010100001101100100.1οο000111110011111.
ως 00110 000111 104100 100. 0110010110οἰ.

em 00110000011114100100.1000001111100110. ·

979 0111000010110010011000011. ·
(m 001111 0001ιο900100. Hilarii 01411.
m 0011111 91 10 Alypium.

m 001110 190 1011011011100100110011.
711 001111 9449 1001110111.

700 00111 999 00111.

701 001111 914 1001111001.

701 01101011.
709 11011110 49 10 madaurenses.
719 00111101 90 1000301000.
'm 0011111 91 1000011014.

799 ccxxxv 99 10 1000041000
744 0011111 74 10 0001011110.
749 00111111 949 101010100001100.
749 00111101 174 1090000100.
m 0011111 179 100100ου1100.
170 pascentii. -
7449 0010 177 10 pascentium.
797 00110 450 10 1111101010.

7449 (10110 99 10110100.

791 001111 99 10 0911110001.
794 (10111 79 10 possidium.
779 001111 949 10 Lampadium.
774 0011111 941 10 Romulum.
779 00111111 1144 1000001000.
779 001111 09 1010110000.
w 001 744 1010111400.
’791 111000419490111111000401040.
949 1010001000.

719 10109000.

991 10 0000001110
949 111 0000011110.
994 1000014000.

999 1011010011οω.
199 1001001100.

14444 1011110000.

194 100010οι11110.

1 499 11101041.

cem 140 1011100000.
mun 109 1011001010.
ccum 948 1091010101.
001111 444 1011111010.
00111 409 10 seleucianam.
001111 199 1014000000.
001110 909 1010910100.
00111111 9144 1001011001 111011.
994 001111 944 10 00411411ιο.

999 00110001104100100. 10001104.

0000000000

ἡ

0100001101 EPlscopl

ms'rol.. om mm wmarus

11) Novum REDUCTUS.

01οο 0100

11111. vulg. 001.
01110 1010101100οω.
011111 volusiani.
011110 10 volusianum.

, 01110 4100091111.
01111111 1011010οΙ0010.

901. 9 1011 1041111100.

7 0100 mmmm.
949 9 1110 10 Hieronymum.
4419 9 11 1019010070υο.
9444 49 1111 101000010011. ’,
4414 44 1111 4110100101.

994 191101 10 1001001000.

,0.
017

ἒξὲξὲἓὲἓ ξὲἓὲἒὲἕέἒὲἕέξ

4019
4919
4949
4999
4099

10101010
1090
1410
1091
11149
1094
10911
1040
1011
1410.
1091
10144
100
1000
1001
1009
1004
10011
10110

1007
1000 -
1110.
1001
14411.
1070 -
14111.
1071

40144

1079
1077

,0
iffi
010

1.
1141

949
m
444
194
941 ,
994

m

 

