1111 , 111111 111111.

ordo 01111 · ml. 00 11111 1111111111.
1111. vulg· 1111. 101 eux 1111111111.
15 11111 1111111111. 110 101 1111 1111111111.
11 11111 1111111111. 115 101 11111 1111111111.
111 111111 1111111111 . '2⁸5 ¹⁰3 0⁸11 11111111111111111.
16 11111 1111111111. 160 1111 cm 1151111111.
17 11111 1111111111. 161 1111 11111 1151111111. “
18 11111 1611111111. ²⁷5 101 1111111 11 p. 11111111111111111111.
111 111111 11111111111111111. 1111. 167 11111 1111111111.
10 11111111 11113111111111. 11110 101 11111 1111111111111.
' 11 1111111 1111111111. 11111. 100 1111 111111111111111.
11 ccxxxv 111 finianum. 1161 110 111111 1111 1111111111. 811116.
23 111111 11101111111111111111. 1119 111 1111111 111111111011111111
11 1111 11111111111111111111. 918 11111111 111111Ιί11111.
25 cxcv 1111111111. 1111 115 11 1110111111111111.
16 11111 Hieronymi. 171 111 1 1111111117.
17 1111 1111101111111111. 718 115111111111 11 Nebridium
2 11111 111111111111. 710 11111111111111111111111.
19 111111 1111111111 11. 733 116 1 111161111111.
w 111111 1111111111 781 117 11 111161111111.
51 111 Paulini. 101 118111 11111111τί11.
51 1111 111111Ιί1111. 107 119 11 11 1111111111.
17 111 11111111. 111 111 111 111111111111111111111111.
81 xm 11 Paulinum. 111 111 1111 1111111111.
11 1111 911111111111111111. 98 111 111 1111111τί1111.
18 11111 11111111111111111111111 111 115 11111 morantium.
³7 111 Severi. 118 111 1111 1101111111111.
18 111111 1111111111. 1011 111 cmx 1111111Ιί111,
19 1111 11 1111111ῑί1111. · 103 111 11 111111111111.
10 111-ι 1111111111111111111111111. 101 117 1 111111111111111111.
11 1111111111111. 111111101111111111. , 168 111 111 1111111111111111111111.
11 111111 111111111111111. 19111011 119 11111 1101111ρί111.
15 111 11111111 111111. 11111111. 81 150 11111 11 1111111111.
11 1111 111111111111111111.1111. 65 131 11 11 Memorium.
11 111111 11111111111111111111111111. 187 111 111111 11111111111111.
10 11111 11 valentinum. 966 155 1111 1111111111.
1111111111111. 971 151 1111 11 1111111111.
11111111111111. , 511 1311 11 11 severum.
11... ...
1111111111. 666 158 1111 111111111111111111111)
119111111111111. 6611 139 1111 mimis.
1111110111. 6111 116 111111 1111111111.
116111101111111. 1185 111 111111 maxim.
· [11011111. 151 111 1111111. mnememaaem.
’ 1191111011111. 131 115 111111111111111111111.
117 1111111 11 1111111111. 831 111 1111 111111111111111.
m 1111 Paulini . 161 1111 11111111 1181111111111.
19 11111 1111111111111. 1116 116 111 11111111111111.
110 111111 11 caecilianum. “ 196 117 111111 1111111111111111.
111 1111 11 1111111111. Ι 9118 118 111 11111111111111.
111 11111 11 Γ111111111111111111 1168 119 11111111 119111111111111.
13 11111 munientium. 83 1111 111111 1111111111.
61 111 11 Aurelium. m 1111 111 1111111111
81 1111 111111Ιὶ1111. 171 1111 1111 (111111.7111.111111111. 677
66 1111 111111111111111111111111 718 1111 1111 Publicolae. 181
07 1111111 1 11111111. 1611 111 1111 11 1111611111. 181
68 11111111 1111111111111111111111. 501 1511 1111111 martimum. 1071
10 111111 1111111111111. 1661 11611111 1111111111. 117
76 ccxx 11 11111111111111111111. 11111 117 111 11 (11111111. 17
71 11 Nebridii. 67 118111111 1111111111111. 881
71 111 11 1111111111. 1111. 1119 1111111 marcellinum, 1116
711 11111 11111111111111. 1666 166 111111 11111111ςὶ111. 111
71 1111111 1111111111111. 16718· 161 1111 1111111111111 11111111. 191
711 111 1111111111. 1666 161 11111 116111111111111111111111 111
76 11 11 Aurelium. 117 163 1111 1111111111,111111.,111. 171
77 111 1111111111111111111111. 188 1111 1111111 mmet-itum. 111
78 11111 1111111111. 1109 1671 uu 11 (1111111111 1111
76 1111111 1111111111. 091 18611 11 [1111111111. 191
w 11111 11 1111111111. 901 187 111111 1111111111. 510
81 111111 11 1111111111 187 168 11111 1111111111. 111
81 1111 murgum. 9³8 169 1111 Mummium. · 181
81 111111 11111111111111. 1019 176111 11 severinum 191
81 111 monium. , 88 171 11111 mmmm 1117
81 111 11111111111111111111111111111. 1176 171 11 1101111111 116
86 11111 1101111111. 116 1711111 1111111ιί1111. 117
87 111 111161111111111111111. 817 171 1111111111 1111111111111. 1678
8 1111 11111111111111. 1175 175 1111111 nascentium 16111
89 11111 11 1111111111. 1171 176 1111 1111111111. 1651
96 11111 1111111111111111111. ml 177 mxu 111111111111111 1111.
61 111111 1111111111111111111111. 776 1781111111. 11111111111111111. 11171
91 111111 111111.111111,1111111111. 761 179 11 1111111111111111111. 617
96 111111 1111111111111111111111. 788 186 1111111 1111111111111111. 1015
81 1111111 11 Hilarium. 771 181 111111111111111111111111111711.1111111111
111 111111 1111.11.1111.,111.,1111111. 781 0111111111. 1191
96 11111111 1111111111. 11 .11111.,111. 781 161 111111111,1111111111111111,1111111111111111111111ς11-
67 1111111 1111111111111111 mus„ 711 11111111,111111111111111111,1111111
08 11111 evomi. 7111 1111111111. mm

 

